100
1
-398
-529
-645
-645
-550
-536
-590
-536
-521
-645
-606
-664
-551
-597
-597
-545
-686
-611
-592
-649
-540
-658
-611
-581
-656
-656
-525
-578
-652
-652
-516
-516
-595
-607
-659
-543
-664
-534
-617
-653
-541
-647
-599
-539
-539
-638
-600
-647
-598
-633
-633
-598
-648
-535
-535
-591
-591
-646
-539
-715
-674
-558
-485
-633
-536
-549
-488
-624
-540
-540
-658
-598
-619
-543
-668
-668
-578
-621
-545
-532
-532
-672
-611
-649
-546
-542
-671
-617
-570
-615
-514
-651
-651
-568
-553
-553
-519
-514
-658
-631
-586
-649
-506
-651
-621
-585
-609
-636
-570
-572
-608
-630
-561
-561
-571
-673
-638
-592
-610
-641
-633
-592
-592
-612
-628
-657
-492
-688
-638
-656
-489
-697
-637
-649
-649
-576
-666
-555
-558
-569
-569
-669
-557
-560
-502
-653
-627
-589
-691
-507
-621
-587
-587
-550
-690
-508
-565
-602
-550
-696
-499
-573
-635
-617
-617
-615
-539
-559
-630
-615
-615
-541
-556
-517
-625
-635
-649
-512
-512
-620
-630
-649
-639
-641
-511
-656
-539
-539
-507
-507
-570
-570
-542
-603
-604
-516
-674
100
-610
-588
-435
-448
-193
17
17
17
10
8
1
1
-2
-7
-10
-1
-2
0
2
2
1
0
-9
-9
4
1
-4
2
6
2
0
6
1
-8
-8
1
-9
-5
-1
-1
-1
2
4
3
3
3
1
4
1
1
2
2
3
3
-4
1
1
1
-3
-1
-1
1
1
-2
-4
-2
-3
-2
2
-1
2
6
6
-1
-1
1
-2
2
2
1
2
6
-1
-1
1
5
0
1
3
2
-3
0
0
-5
-5
-1
-4
-4
1
-3
-3
-3
0
1
1
0
1
-4
-4
-3
0
4
5
2
2
1
-2
3
-2
2
-6
0
5
5
4
4
2
-2
-2
-2
4
7
-1
2
-5
-4
9
9
-3
-3
1
10
0
-3
1
2
-1
