0.016
1020.931
1040.339
1058.334
1118.779
1138.385
1158.093
1178.4470000000001
1199.5439999999999
1217.759
1238.3439999999998
1257.778
1278.971
1300.128
1319.54
1337.757
1358.453
1378.298
1400.229
1419.792
1438.155
1459.7169999999999
1479.461
1497.9769999999999
1520.356
1540.584
1557.6970000000001
1577.73
1598.3799999999999
1620.555
1641.694
1659.775
1677.875
1697.725
1719.25
1737.887
1760.2
1780.356
1799.009
1817.9840000000002
1838.423
1857.7189999999998
1880.616
1900.007
1922.526
1940.603
1960.355
1979.73
1997.749
2017.846
2040.764
2059.958
2078.798
2098.618
2119.595
2141.495
2159.635
2180.274
2197.7250000000004
2220.2549999999997
2237.871
2257.8520000000003
2279.871
2299.925
2320.006
2340.2569999999996
2358.378
2380.232
2397.818
2420.238
2441.22
2461.267
2477.71
2499.631
2518.306
2540.993
2557.832
2577.737
2597.8599999999997
2618.162
2641.2529999999997
2658.119
2677.9790000000003
2697.873
2718.1169999999997
2740.914
2757.83
2778.344
2797.774
2818.348
2839.861
2857.7270000000003
2878.497
2897.7659999999996
2917.772
2939.834
2958.838
2978.3379999999997
2998.134
3017.74
3039.251
3059.7349999999997
3079.864
3097.748
3118.0310000000004
3139.576
3158.13
3177.973
3197.991
3217.766
3239.89
3259.363
3280.148
3297.812
3317.991
3339.28
3357.7110000000002
3377.734
3397.888
3417.996
3438.626
3460.659
3480.128
3500.625
3517.7740000000003
3538.7940000000003
3560.368
3580.1150000000002
3598.109
3622.1009999999997
3640.898
3660.113
3677.91
3698.532
3717.7760000000003
3738.255
3757.745
3777.7129999999997
3798.008
3819.8880000000004
3840.8579999999997
3857.7309999999998
3877.728
3900.047
3917.78
3937.768
3958.005
3979.8759999999997
3999.7419999999997
4017.785
4038.1679999999997
4057.8669999999997
4077.736
4098.665
4118.643999999999
4138.134
4159.744
4177.991999999999
4200.267
4219.907
4238.0
4258.7390000000005
4278.745
4299.902999999999
4318.794
4340.361
4359.862
4377.898
4399.644
4417.84
4441.01
4458.116999999999
4477.759
4500.295
4520.137
4538.123
4559.937
4577.753000000001
4607.282999999999
4620.889
4640.366
4658.756
4678.162
4697.9439999999995
4719.161
4740.125
4759.984
4780.411
4799.774
4819.869
4837.773
4857.872
4877.779
4898.678
4918.571
4938.527
4959.768999999999
4978.432
4998.329
5020.312
5058.747
5078.775000000001
5097.954
5120.907
5140.143
5158.743
5178.762
5200.656999999999
5217.7480000000005
5239.558
5258.740000000001
5277.927
5298.028
5319.832
5340.515
5359.756
5380.552
5399.769
5417.786
5437.785
5457.752
5480.394
5497.779
5518.157999999999
5538.0419999999995
5557.8589999999995
5580.002
5600.172
5619.17
5639.77
5660.269
5678.619000000001
5701.739
5720.2919999999995
5737.924
5759.926
5779.623
5797.885
5820.782999999999
5837.76
5859.61
5880.052
5900.653
5919.388
5937.903
5957.776
5979.615
6000.4169999999995
6021.643
6040.221
6058.950000000001
6079.893
6098.646
6120.646
6138.828
6160.6269999999995
6177.745
6200.157
6220.038
6237.916
6260.1449999999995
6279.923
6300.911
6320.157
6339.763
6360.25
6379.909
6400.5470000000005
6420.452
6437.912
6457.785000000001
6478.885
6500.973
6517.772
6537.8150000000005
6560.1269999999995
6577.655
6598.26
6619.920999999999
6640.467000000001
6660.127
6677.79
6697.79
6718.384999999999
6738.784
6760.652
6779.897
6800.1630000000005
6817.783
6840.3150000000005
6858.164000000001
6880.395
6900.663
6920.545
6937.884
6957.882
6978.398
7001.791
7019.148999999999
7038.552000000001
7058.028
7079.951
7101.635
7119.805
7139.672
7158.069
7180.062999999999
7199.830999999999
7220.324
7240.504
7258.442
7279.638
7300.178
7320.659
7340.419
7359.772999999999
7379.862
7400.973
7420.579
7438.903
7459.679
7481.054
7501.177000000001
7520.042
7539.788
7557.775000000001
7581.157
7599.915
7621.65
7640.299
7657.759999999999
7677.894
7699.042
7719.89
7740.054
7759.889
7780.024
7801.832
7818.047
7838.228
7857.964
7880.169000000001
7900.245
7917.78
7940.057000000001
7960.02
7978.398999999999
